,mean_arousal,mean_valence,mean_pressure,high_intensity_count,tweet_count,receptivity_score
mean_arousal,1.0,0.228,0.045,0.049,0.243,-0.319
mean_valence,0.228,1.0,-0.056,-0.042,0.002,0.066
mean_pressure,0.045,-0.056,1.0,0.944,0.207,-0.654
high_intensity_count,0.049,-0.042,0.944,1.0,0.204,-0.673
tweet_count,0.243,0.002,0.207,0.204,1.0,-0.257
receptivity_score,-0.319,0.066,-0.654,-0.673,-0.257,1.0
